[[2. 4. 8. 3. 9. 5. 7. 1. 6.]
 [5. 7. 1. 6. 2. 8. 3. 4. 9.]
 [9. 3. 6. 7. 4. 1. 5. 8. 2.]
 [6. 8. 2. 5. 3. 9. 1. 7. 4.]
 [3. 5. 9. 1. 7. 4. 6. 2. 8.]
 [7. 1. 4. 8. 6. 2. 9. 5. 3.]
 [8. 6. 3. 4. 1. 7. 2. 9. 5.]
 [1. 9. 5. 2. 8. 6. 4. 3. 7.]
 [4. 2. 7. 9. 5. 3. 8. 6. 1.]]
Verifying...
Square: (0, 3), (0, 3), [2.0, 4.0, 8.0, 5.0, 7.0, 1.0, 9.0, 3.0, 6.0], Valid: True
Square: (0, 3), (3, 6), [3.0, 9.0, 5.0, 6.0, 2.0, 8.0, 7.0, 4.0, 1.0], Valid: True
Square: (0, 3), (6, 9), [7.0, 1.0, 6.0, 3.0, 4.0, 9.0, 5.0, 8.0, 2.0], Valid: True
Square: (3, 6), (0, 3), [6.0, 8.0, 2.0, 3.0, 5.0, 9.0, 7.0, 1.0, 4.0], Valid: True
Square: (3, 6), (3, 6), [5.0, 3.0, 9.0, 1.0, 7.0, 4.0, 8.0, 6.0, 2.0], Valid: True
Square: (3, 6), (6, 9), [1.0, 7.0, 4.0, 6.0, 2.0, 8.0, 9.0, 5.0, 3.0], Valid: True
Square: (6, 9), (0, 3), [8.0, 6.0, 3.0, 1.0, 9.0, 5.0, 4.0, 2.0, 7.0], Valid: True
Square: (6, 9), (3, 6), [4.0, 1.0, 7.0, 2.0, 8.0, 6.0, 9.0, 5.0, 3.0], Valid: True
Square: (6, 9), (6, 9), [2.0, 9.0, 5.0, 4.0, 3.0, 7.0, 8.0, 6.0, 1.0], Valid: True
ALL Squares VALID!
row: 0, [2.0, 4.0, 8.0, 3.0, 9.0, 5.0, 7.0, 1.0, 6.0], Valid: True
row: 1, [5.0, 7.0, 1.0, 6.0, 2.0, 8.0, 3.0, 4.0, 9.0], Valid: True
row: 2, [9.0, 3.0, 6.0, 7.0, 4.0, 1.0, 5.0, 8.0, 2.0], Valid: True
row: 3, [6.0, 8.0, 2.0, 5.0, 3.0, 9.0, 1.0, 7.0, 4.0], Valid: True
row: 4, [3.0, 5.0, 9.0, 1.0, 7.0, 4.0, 6.0, 2.0, 8.0], Valid: True
row: 5, [7.0, 1.0, 4.0, 8.0, 6.0, 2.0, 9.0, 5.0, 3.0], Valid: True
row: 6, [8.0, 6.0, 3.0, 4.0, 1.0, 7.0, 2.0, 9.0, 5.0], Valid: True
row: 7, [1.0, 9.0, 5.0, 2.0, 8.0, 6.0, 4.0, 3.0, 7.0], Valid: True
row: 8, [4.0, 2.0, 7.0, 9.0, 5.0, 3.0, 8.0, 6.0, 1.0], Valid: True
ALL Rows VALID!
column: 0, [2.0, 5.0, 9.0, 6.0, 3.0, 7.0, 8.0, 1.0, 4.0], Valid: True
column: 1, [4.0, 7.0, 3.0, 8.0, 5.0, 1.0, 6.0, 9.0, 2.0], Valid: True
column: 2, [8.0, 1.0, 6.0, 2.0, 9.0, 4.0, 3.0, 5.0, 7.0], Valid: True
column: 3, [3.0, 6.0, 7.0, 5.0, 1.0, 8.0, 4.0, 2.0, 9.0], Valid: True
column: 4, [9.0, 2.0, 4.0, 3.0, 7.0, 6.0, 1.0, 8.0, 5.0], Valid: True
column: 5, [5.0, 8.0, 1.0, 9.0, 4.0, 2.0, 7.0, 6.0, 3.0], Valid: True
column: 6, [7.0, 3.0, 5.0, 1.0, 6.0, 9.0, 2.0, 4.0, 8.0], Valid: True
column: 7, [1.0, 4.0, 8.0, 7.0, 2.0, 5.0, 9.0, 3.0, 6.0], Valid: True
column: 8, [6.0, 9.0, 2.0, 4.0, 8.0, 3.0, 5.0, 7.0, 1.0], Valid: True
ALL Columns VALID!
Board is a VALID Solution!
