[[8. 2. 7. 1. 5. 4. 9. 9. 6.]
 [9. 6. 5. 3. 2. 7. 1. 4. 8.]
 [3. 4. 1. 6. 8. 9. 5. 5. 2.]
 [5. 2. 4. 4. 6. 4. 2. 7. 1.]
 [4. 7. 2. 5. 3. 3. 6. 9. 6.]
 [6. 1. 8. 9. 7. 2. 4. 3. 4.]
 [7. 8. 7. 2. 3. 5. 8. 1. 4.]
 [1. 4. 8. 7. 4. 6. 8. 2. 3.]
 [2. 1. 9. 2. 3. 1. 5. 1. 1.]]
Verifying...
Square: (0, 3), (0, 3), [8.0, 2.0, 7.0, 9.0, 6.0, 5.0, 3.0, 4.0, 1.0], Valid: True
Square: (0, 3), (3, 6), [1.0, 5.0, 4.0, 3.0, 2.0, 7.0, 6.0, 8.0, 9.0], Valid: True
Square: (0, 3), (6, 9), [9.0, 9.0, 6.0, 1.0, 4.0, 8.0, 5.0, 5.0, 2.0], Valid: False
Square: (3, 6), (0, 3), [5.0, 2.0, 4.0, 4.0, 7.0, 2.0, 6.0, 1.0, 8.0], Valid: False
Square: (3, 6), (3, 6), [4.0, 6.0, 4.0, 5.0, 3.0, 3.0, 9.0, 7.0, 2.0], Valid: False
Square: (3, 6), (6, 9), [2.0, 7.0, 1.0, 6.0, 9.0, 6.0, 4.0, 3.0, 4.0], Valid: False
Square: (6, 9), (0, 3), [7.0, 8.0, 7.0, 1.0, 4.0, 8.0, 2.0, 1.0, 9.0], Valid: False
Square: (6, 9), (3, 6), [2.0, 3.0, 5.0, 7.0, 4.0, 6.0, 2.0, 3.0, 1.0], Valid: False
Square: (6, 9), (6, 9), [8.0, 1.0, 4.0, 8.0, 2.0, 3.0, 5.0, 1.0, 1.0], Valid: False
row: 0, [8.0, 2.0, 7.0, 1.0, 5.0, 4.0, 9.0, 9.0, 6.0], Valid: False
row: 1, [9.0, 6.0, 5.0, 3.0, 2.0, 7.0, 1.0, 4.0, 8.0], Valid: True
row: 2, [3.0, 4.0, 1.0, 6.0, 8.0, 9.0, 5.0, 5.0, 2.0], Valid: False
row: 3, [5.0, 2.0, 4.0, 4.0, 6.0, 4.0, 2.0, 7.0, 1.0], Valid: False
row: 4, [4.0, 7.0, 2.0, 5.0, 3.0, 3.0, 6.0, 9.0, 6.0], Valid: False
row: 5, [6.0, 1.0, 8.0, 9.0, 7.0, 2.0, 4.0, 3.0, 4.0], Valid: False
row: 6, [7.0, 8.0, 7.0, 2.0, 3.0, 5.0, 8.0, 1.0, 4.0], Valid: False
row: 7, [1.0, 4.0, 8.0, 7.0, 4.0, 6.0, 8.0, 2.0, 3.0], Valid: False
row: 8, [2.0, 1.0, 9.0, 2.0, 3.0, 1.0, 5.0, 1.0, 1.0], Valid: False
column: 0, [8.0, 9.0, 3.0, 5.0, 4.0, 6.0, 7.0, 1.0, 2.0], Valid: True
column: 1, [2.0, 6.0, 4.0, 2.0, 7.0, 1.0, 8.0, 4.0, 1.0], Valid: False
column: 2, [7.0, 5.0, 1.0, 4.0, 2.0, 8.0, 7.0, 8.0, 9.0], Valid: False
column: 3, [1.0, 3.0, 6.0, 4.0, 5.0, 9.0, 2.0, 7.0, 2.0], Valid: False
column: 4, [5.0, 2.0, 8.0, 6.0, 3.0, 7.0, 3.0, 4.0, 3.0], Valid: False
column: 5, [4.0, 7.0, 9.0, 4.0, 3.0, 2.0, 5.0, 6.0, 1.0], Valid: False
column: 6, [9.0, 1.0, 5.0, 2.0, 6.0, 4.0, 8.0, 8.0, 5.0], Valid: False
column: 7, [9.0, 4.0, 5.0, 7.0, 9.0, 3.0, 1.0, 2.0, 1.0], Valid: False
column: 8, [6.0, 8.0, 2.0, 1.0, 6.0, 4.0, 4.0, 3.0, 1.0], Valid: False
Board is an INVALID Solution!
